%YAML:1.0
    points: !!opencv-matrix
        rows: 2
        cols: 2
        dt: d
        data: [ 89.845000, 145.670000, 115.100000, 
            115.100000]
