%YAML:1.0
    points: !!opencv-matrix
        rows: 2
        cols: 2
        dt: d
        data: [ 94.955000, 154.630000, 112.400000, 
            112.400000]
