%YAML:1.0
    points: !!opencv-matrix
        rows: 2
        cols: 2
        dt: d
        data: [ 97.260000, 158.860000, 114.800000, 
            114.800000]
