%YAML:1.0
    points: !!opencv-matrix
        rows: 2
        cols: 2
        dt: d
        data: [ 94.835000, 157.810000, 112.300000, 
            112.300000]
