%YAML:1.0
    points: !!opencv-matrix
        rows: 2
        cols: 2
        dt: d
        data: [ 97.265000, 155.290000, 112.700000, 
            112.700000]
