%YAML:1.0
    points: !!opencv-matrix
        rows: 2
        cols: 2
        dt: d
        data: [ 92.335000, 155.310000, 116.300000, 
            116.300000]
