%YAML:1.0
    points: !!opencv-matrix
        rows: 2
        cols: 2
        dt: d
        data: [ 97.455000, 157.130000, 111.900000, 
            111.900000]
