%YAML:1.0
    points: !!opencv-matrix
        rows: 2
        cols: 2
        dt: d
        data: [ 92.055000, 162.730000, 111.400000, 
            111.400000]
