%YAML:1.0
    points: !!opencv-matrix
        rows: 2
        cols: 2
        dt: d
        data: [ 97.725000, 156.850000, 114.000000, 
            114.000000]
