%YAML:1.0
    points: !!opencv-matrix
        rows: 2
        cols: 2
        dt: d
        data: [ 97.495000, 156.070000, 115.600000, 
            115.600000]
