%YAML:1.0
    points: !!opencv-matrix
        rows: 2
        cols: 2
        dt: d
        data: [ 96.070000, 156.020000, 111.600000, 
            111.600000]
