%YAML:1.0
    points: !!opencv-matrix
        rows: 2
        cols: 2
        dt: d
        data: [ 94.605000, 157.030000, 111.400000, 
            111.400000]
