%YAML:1.0
    points: !!opencv-matrix
        rows: 2
        cols: 2
        dt: d
        data: [ 99.415000, 160.190000, 114.200000, 
            114.200000]
