%YAML:1.0
    points: !!opencv-matrix
        rows: 2
        cols: 2
        dt: d
        data: [ 93.805000, 150.730000, 116.400000, 
            116.400000]
