%YAML:1.0
    points: !!opencv-matrix
        rows: 2
        cols: 2
        dt: d
        data: [ 98.610000, 157.460000, 115.300000, 
            115.300000]
