%YAML:1.0
    points: !!opencv-matrix
        rows: 2
        cols: 2
        dt: d
        data: [ 94.490000, 156.640000, 114.200000, 
            114.200000]
