%YAML:1.0
    points: !!opencv-matrix
        rows: 2
        cols: 2
        dt: d
        data: [ 98.300000, 158.800000, 114.500000, 
            114.500000]
