%YAML:1.0
    points: !!opencv-matrix
        rows: 2
        cols: 2
        dt: d
        data: [ 92.755000, 157.930000, 112.900000, 
            112.900000]
