%YAML:1.0
    points: !!opencv-matrix
        rows: 2
        cols: 2
        dt: d
        data: [ 98.380000, 156.680000, 114.900000, 
            114.900000]
