%YAML:1.0
    points: !!opencv-matrix
        rows: 2
        cols: 2
        dt: d
        data: [ 97.150000, 154.900000, 112.500000, 
            112.500000]
