%YAML:1.0
    points: !!opencv-matrix
        rows: 2
        cols: 2
        dt: d
        data: [ 95.220000, 157.920000, 114.600000, 
            114.600000]
