%YAML:1.0
    points: !!opencv-matrix
        rows: 2
        cols: 2
        dt: d
        data: [ 97.720000, 160.420000, 112.100000, 
            112.100000]
