%YAML:1.0
    points: !!opencv-matrix
        rows: 2
        cols: 2
        dt: d
        data: [ 97.880000, 156.180000, 112.400000, 
            112.400000]
