%YAML:1.0
    points: !!opencv-matrix
        rows: 2
        cols: 2
        dt: d
        data: [ 93.255000, 158.430000, 112.400000, 
            112.400000]
