%YAML:1.0
    points: !!opencv-matrix
        rows: 2
        cols: 2
        dt: d
        data: [ 91.025000, 155.650000, 115.000000, 
            115.000000]
