%YAML:1.0
    points: !!opencv-matrix
        rows: 2
        cols: 2
        dt: d
        data: [ 94.135000, 162.610000, 111.800000, 
            111.800000]
