%YAML:1.0
    points: !!opencv-matrix
        rows: 2
        cols: 2
        dt: d
        data: [ 97.730000, 153.280000, 113.400000, 
            113.400000]
