%YAML:1.0
    points: !!opencv-matrix
        rows: 2
        cols: 2
        dt: d
        data: [ 100.535000, 158.010000, 114.800000, 
            114.800000]
