%YAML:1.0
    points: !!opencv-matrix
        rows: 2
        cols: 2
        dt: d
        data: [ 97.765000, 155.790000, 112.700000, 
            112.700000]
